0.68962417,
0.72600333,
0.76238333,
0.77049083,
0.77859833,
0.750475,
0.7223525,
0.79811333,
0.873875,
0.92446667,
0.97506667,
0.97841667,
0.98176667,
0.96946667,
0.957175,
0.9616,
0.966025,
0.93639167,
0.90675833,
0.90901667,
0.91128333,
0.90481667,
0.89835,
0.8858,
0.87325,
0.885325,
0.89740833,
0.883725,
0.87004167,
0.86854167,
0.86705,
0.85019167,
0.83333333,
0.81805917,
0.802785,
0.80050917,
0.79823333,
0.76864,
0.73904667,
0.74454917,
0.75005167,
0.748355,
0.74665917,
0.73874083,
0.7308225,
0.71244667,
0.69407167,
0.6957825,
0.69749333,
0.68219167,
0.66689,
0.6676725,
0.668455,
0.67705167,
0.68564833,
0.66900833,
0.65236833,
0.61668917,
0.58101083,
0.58887667,
0.5967425